TILEMAP
116 25 							-- Size of tile map in tiles
16 16 					                -- Tile size & block size
images/tileset.png 	                                -- Tilesheet
8 6							-- Number of tiles in tilesheet
                                                                                                                    
44444444444444444444444444444444444444444444444444444444444444444444444444444444444444444444444444444444444444444444
4                    A                 B                                         A                                 4
4                                                                                                                  4
4                                                                                                                  4
4                                                                                                                  4
4                                                                                                                  4
4       G                                                                                  H                       4
4          8                                             8                                                 <       4
44444444444444444444444444     444744444444444         4444444                        444444447444444444474444444444
44             A                  7           44            A                         B       7      BB  7         4
44                                7             44                                            7          7         4
44   D                            7                44               444474444444444           7          7         4
44                  G             7                 444                 7   B                 7          7         4
44 ;                              7   @             44444               7                     7          7         4
44444444444474444444444444444444444444444444        444444              7                     7          7     >   4
4       B   7   44   B              4444            44444444744444444444444          444444444444474     44444444444
4           7   44                  4444                    7        D                            7      B   E     4
4           7   44                  4444  G                 7                                     7                4
4   9       7   44               9  4444      :             7                    ?                7                4
444444444444744444        44474444444444444444444444        7       4444444744444444444444        7     444444444444
4           7             B  7  F   4444444444444444        7       B      7     444444444        7     B F    44444
4           7                7      4444444444444444        7              7     444444444        7            44444
4           7                7      4444444444444444        7              7   = 444444444        7            44444
44444444444444444444444444444444444444444444444444444444444444444444444444444444444444444444444444444444444444444444