TILEMAP
116 25 							-- Size of tile map in tiles
16 16 					                -- Tile size & block size
images/tileset.png 	                                -- Tilesheet
8 5							-- Number of tiles in tilesheet
                                                                                                                    
55555555555555555555555555555555555555555555555555555555555555555555555555555555555555555555555555555555555555555555
5  A                 5555555 555                         6                    555555   B                           5
5                      5  5  5                           6                      BBB                                5
5                      B     B                   A       6F      A                              F             9    5
5        D                                               6                                                 57555   5
5                                                        6                                                  7      5
5             8                                   55555556555575                         555557555555    D  7      5
5    5755555555555                                 B     6    7                          A    7             7      5
5     7 B       55   H                                   6    7                    5          7             7      5
5     7          5            9                          6    7                               7      5557555555    5
5     7      57555555555555555555555575555555            6    7                5              7         7   A      5
5   ? 7       7 A                    7                 > 6    7                               7         7          5
5575555       7              D       7         55557555555555555555555                        7         7          5
5 7           7                      7             7              A     @          5      555555555     7      55555
5 7           7                      7             7                   555755            55       A     7      B   5
5 7   G       7       5555555755555555555555       7                      7             55              7          5
5 7           7              7  A        B         7     D                7            55    <          7          5
5555557555555555             7                     7                      7     5    55555555555     57555         5
5     7       B              7                     7                      7            B     6        7            5
5     7               555755555555555555          555555555555555555555555755                6   55   7            5
5     7                  7         D                           E          7       5          6        7            5
5     7                  7               H                                7                  6        7  H         5
5     7                  7    =                                        9  7          ;       6     8  7      :     5
55555555555555555555555555555555555555555555555555555555555555555555555555555555555555555555555555555555555555555555