TILEMAP
116 25 							-- Size of tile map in tiles
16 16 					                -- Tile size & block size
images/tileset.png 	                                -- Tilesheet
8 6							-- Number of tiles in tilesheet
                                                                                                                    
33333333333333333333333333333333333333333333333333333333333333333333333333333333333333333333333333333333333333333333
3                                           6                                                                      3
3          D                                6                                                                      3
3                                           6                                                                      3
3        :                                  6                                                    G                 3
3      3333333733                           63 >                          9        @                               3
3             7              G          9 333333                      3373333    33333     3333337333333           3
3             7                        3333333333            333333333  7                        7                 3
3             7        3333333333333333333333333333733333     A         7                        7         3    8  3
3:            7        3333333333333333333333333333733333               7                        7          33333333
3333333       33373             B                  7                    7                  33333333333      33333333
3                7                                 7                    7  33333333       3     D                  3
3                7      D                          7         333373333333333  3333333337333                        3
3                7                                 7        33   7         B           7                     E     3
3       3333333733333        =                     7      3333   7                     7        33337333           3
3              7   B  333333333                    7    3333     7                     7            7              3
3              7      333333333                  333333333       7                     7            7      333333333
3   9          7      3      33   333333       333333333         7                     7            7      333333333
333333333      7      B      33              33                  7            333333333333333       7      3       3
3          3333733           33            33                    7  ;         333333333333333       7      3       3
3              7        F    33           3                     3333333333                          7         F    3
3              7             33        3333 H                                                       7              3
3              7             33    33333333    8                                                    7              3
33333333333333333333333333333333333333333333333333333333333333333333333333333333333333333333333333333333333333333333