TILEMAP
116 25 							-- Size of tile map in tiles
16 16 					                -- Tile size & block size
images/tileset.png 	                                -- Tilesheet
8 3							-- Number of tiles in tilesheet
                                                                                                                    
22222222222222222222222222222222222222222222222222222222222222222222222222222222222222222222222222222222222222222222
2                            A                                          A                                          2
2                                                                                                                  2
2        9                                                                                                         2
2    222222222272222                                                                                               2
2      D       7                                                                          D                F       2
2              7   G                                                                                               2
2              7      8                                        =                                                   2
2222722222222222222222222222222222722222222   C   C   C   C  2222222722222            222222227222222222222222222222
2   7                             7                           A     7                   A     7        B           2
2   7                             7                                 7                         7                    2
2   7                             7                                 7                         7                    2
2   7                             7                                 7                         7                    2
222222                   9        7                                 7                         7                    2
222       2272222222222222222222222222222222222222      ;           7                         7                 8  2
22          7      B              222222             2222222222222222222722222222    222222222222227222     22222222
2           7                       222                A                7    D              B      7               2
2           7                       222                                 7                          7               2
2 >         7            222  @     222       ?                         7         9                7               2
2227222222222222222222222 B 222222222222222222222222                   2722222222222222222         7               2
2  7                             222222222                              7    2222222  F            7        E      2
2  7                             222222222  H                           7    2222222               7               2
2  7                         9   222222222     :                        7    2222222               7               2
22222222222222222222222222222222222222222222222222222222222222222222222222222222222222222222222222222222222222222222